2,401,418,419,413,419,413,419,418,414,418,409,418,414,418,418,414,419,413,419,418,414,408,418,419,414,418,418,414,408,419,418,414,418,414,418,419,413,419,418,414,418,414,418,418,414,418,419,414,418,414,418,418,414,418,414,418,419,413,419,418,414,418,414,418,409,418,418,414,409,418,418,414,418,417,415,419,414,418,418,414,418,414,418,419,418,406,418,419,413,419
2,239,419,418,413,418,414,417,418,414,418,398,418,397,405,419,381,419,328,419,417,414,408,417,417,414,418,418,414,396,418,417,382,418,329,418,418,414,418,418,414,418,414,418,419,413,419,417,414,418,414,418,419,413,419,413,419,418,414,418,418,414,417,413,419,408,418,418,413,409,418,419,413,419,418,414,418,414,417,417,407,419,413,418,418,418,250,418,418,414,418
2,401,418,419,413,414,418,402,418,419,414,418,418,414,418,419,413,409,418,418,414,419,418,414,408,418,419,413,419,418,414,408,419,418,414,418,414,418,414,418,419,413,419,418,414,418,418,414,418,414,419,418,414,408,418,419,413,419,414,418,408,419,418,414,418,418,414,418,414,419,413,419,418,414,418,414,418,413,419,418,418,409,418,418,414,409,418,418,419,413,419
2,239,419,418,412,413,418,310,353,418,414,417,418,413,418,418,414,321,402,419,412,419,417,412,407,419,418,414,417,418,414,397,417,418,383,418,380,417,388,358,419,414,418,418,414,418,419,412,419,412,419,418,414,408,408,418,383,417,413,383,296,418,418,413,417,419,385,418,393,419,414,388,417,380,418,377,416,311,410,417,416,333,387,419,412,408,308,418,417,385,417
2,401,418,413,418,419,418,418,419,418,418,414,408,419,418,418,416,418,418,419,413,419,418,414,418,414,418,418,414,418,415,418,417,419,418,415,417,419,413,419,408,409,418,418,419,413,413,419,406,418,414,418,403,418,418,414,418,419,413,419,413,419,418,414,418,419,413,419,418,412,419,406,418,418,416,419,408,419,410,412,409,418,410,418,402,419,411,419,418,418,403
2,300,419,394,416,320,407,416,419,418,417,412,409,412,417,416,392,415,401,419,414,407,415,384,417,409,391,418,325,418,396,384,414,417,418,416,412,417,413,419,407,406,311,417,419,411,411,417,262,403,413,417,293,367,418,412,403,417,409,416,412,417,418,379,416,419,379,349,372,411,416,371,295,416,415,416,305,416,410,413,285,417,409,417,245,416,409,415,416,416,284
2,401,418,419,413,414,418,402,418,419,414,418,418,414,418,419,413,409,418,418,414,419,418,414,408,418,419,413,419,418,414,408,419,418,414,418,414,418,414,418,419,413,419,418,414,418,418,414,418,414,419,418,414,408,418,419,413,419,414,418,408,419,418,414,418,418,414,418,414,419,413,419,418,414,418,414,418,413,419,418,418,409,418,418,414,409,418,418,419,413,419
2,239,419,418,412,413,418,310,353,418,414,417,418,413,418,418,414,321,402,419,412,419,417,412,407,419,418,414,417,418,414,397,417,418,383,418,380,417,388,358,419,414,418,418,414,418,419,412,419,412,419,418,414,408,408,418,383,417,413,383,296,418,418,413,417,419,385,418,393,419,414,388,417,380,418,377,416,311,410,417,416,333,387,419,412,408,308,418,417,385,417
2,401,418,413,418,419,418,418,419,418,418,414,408,419,418,418,416,418,418,419,413,419,418,414,418,414,418,418,414,418,415,418,417,419,418,415,417,419,413,419,408,409,418,418,419,413,413,419,406,418,414,418,403,418,418,414,418,419,413,419,413,419,418,414,418,419,413,419,418,412,419,406,418,418,416,419,408,419,410,412,409,418,410,418,402,419,411,419,418,418,403
2,300,419,394,416,320,407,416,419,418,417,412,409,412,417,416,392,415,401,419,414,407,415,384,417,409,391,418,325,418,396,384,414,417,418,416,412,417,413,419,407,406,311,417,419,411,411,417,262,403,413,417,293,367,418,412,403,417,409,416,412,417,418,379,416,419,379,349,372,411,416,371,295,416,415,416,305,416,410,413,285,417,409,417,245,416,409,415,416,416,284
0,48,25,15,15,8,8,17,6,7,12,36,22,47,49,37,72,75,40,14,11,19,40,25,30,11,13,36,34,26,15,11,17,8,8,31,23,25,59,49,8,19,15,21,30,28,12,11,24,41,26,51,8,3,6,26,25,28,59,49,39,87,64,55,111,38,7,21,20,20,26,8,12
0,17,33,26,22,14,11,24,26,26,31,22,21,63,62,49,23,22,23,33,23,40,72,49,138,92,76,16,24,27,89,49,64,110,39,12,15,21,70,42,87,136,78,69,13,7,21,17,52,84,29,27,28,40,296,233,153,87,27,34,3,3,13,17,46,47,43,110,82,74,178,118,108
2,6,259,366,366,373,374,294,325,325,310,313,341,241,236,288,247,247,334,304,343,282,237,313,213,285,291,243,260,325,276,329,298,228,315,225,271,297,215,279,304,227,301,279,309,334,263,322,268,228,311,229,327,307,0,9,123,222,253,262,311,218,255,272,134,300,337,186,246,248,180,273,271
2,3,132,354,366,371,374,296,234,287,310,310,341,243,173,276,246,246,331,240,245,284,237,312,210,177,290,244,262,322,180,302,297,229,313,212,195,296,217,277,302,113,285,280,308,334,165,303,272,227,309,199,224,311,0,9,123,218,257,156,312,221,252,274,116,221,336,183,248,247,180,233,273
0,159,105,9,9,8,9,39,29,26,36,7,9,11,13,8,1,1,5,27,16,28,22,7,12,11,14,43,32,25,11,10,18,31,26,58,44,37,7,11,8,11,7,14,18,19,55,30,33,12,15,39,26,43,53,62,47,39,9,14,14,16,11,13,9,14,14,41,25,29,19,6,8
0,90,24,15,18,16,16,20,12,15,22,71,44,96,96,74,147,147,54,26,21,39,78,50,44,20,25,73,68,35,31,23,22,16,14,62,48,48,120,79,13,38,27,42,61,39,24,21,50,80,51,84,12,3,12,52,49,55,120,97,78,175,130,111,221,40,13,43,40,40,39,16,23
0,294,102,11,12,16,17,80,56,52,55,13,12,18,25,7,1,3,7,55,32,57,31,7,23,21,27,86,66,32,22,17,35,64,50,120,84,52,14,18,14,18,12,28,36,38,110,59,48,26,28,78,52,68,110,125,93,54,19,25,26,23,20,18,18,31,25,80,50,56,22,11,16
0,9,22,13,15,7,9,14,13,13,20,12,11,32,30,25,20,11,12,22,12,20,36,24,70,46,49,8,13,13,45,24,31,56,29,6,8,11,35,21,42,69,39,47,7,6,11,9,26,42,23,13,15,17,150,117,76,59,13,21,3,1,8,9,23,23,22,55,40,37,89,60,53
0,121,219,5,12,75,56,25,69,53,1,21,15,5,0,1,7,17,35,28,31,8,15,13,30,35,28,68,38,17,16,33,31,23,7,9,10,8
0,36,10,25,24,10,8,14,55,45,13,0,3,10,21,27,48,60,113,81,73,168,55,14,34,47,41,33,51,58,46,91,68,66,31,26,13,9
2,26,99,354,353,282,296,331,204,266,382,337,362,373,366,379,331,279,183,267,280,177,289,370,295,263,288,146,151,189,275,247,271,318,355,352,363,347
2,13,48,176,353,282,294,328,193,183,382,337,359,367,364,350,334,275,181,177,279,179,284,368,294,262,286,148,148,109,273,245,271,282,297,352,362,348
0,63,9,17,14,31,13,14,12,12,12,22,14,15,22,7,13,23,30,6,11,27,31,5,13,20,17,50,82,69,45,8,14,5,10,12,16,24
0,247,292,5,12,78,90,51,136,87,1,42,27,5,0,1,14,35,71,57,44,20,26,26,61,70,56,136,54,35,31,64,58,23,12,17,12,15
0,98,17,34,30,48,24,23,23,21,22,39,26,30,32,11,25,45,51,13,22,53,48,9,28,38,34,103,162,137,66,16,22,9,20,23,31,47
0,24,5,13,14,9,4,8,28,22,13,1,2,5,13,14,22,31,57,40,36,84,40,8,17,24,20,23,24,30,24,44,33,42,16,14,12,5
0,49,40,14,13,18,7,9,9,9,19,8,9,21,20,1,8,9,13,43,24,63,48,18,9,10,14,39,28,27,77,53,16,17,13,36,30,28,80,40,86
0,16,128,86,58,115,90,49,6,11,22,40,44,75,61,16,22,24,30,94,50,20,24,27,65,48,54,24,13,4,19,22,4,1,3,15,23,15,27,21,17
2,3,1,183,296,262,285,337,323,332,277,213,235,84,163,366,347,338,319,209,298,214,243,299,191,319,318,237,277,317,212,260,364,327,342,254,261,329,180,278,158
2,2,1,96,296,260,280,338,321,332,281,209,237,71,108,362,269,263,318,211,297,213,190,299,191,302,316,239,210,300,214,257,365,215,299,256,257,329,114,253,161
0,163,99,13,12,6,10,3,10,10,18,32,24,50,41,9,11,13,16,3,6,20,20,23,44,9,8,24,22,12,9,12,14,14,13,5,7,8,14,14,7
0,91,42,27,25,27,13,12,16,18,30,14,14,40,32,1,14,17,25,89,47,125,89,19,18,19,27,81,54,54,154,93,22,33,26,73,60,56,159,81,176
0,6,139,97,23,4,13,17,55,38,54,87,77,120,96,20,13,16,22,24,12,19,23,27,65,20,5,29,31,29,17,22,9,29,26,72,63,8,23,21,54
0,293,101,25,16,11,17,3,19,19,35,65,48,99,67,15,22,24,22,3,11,40,40,46,79,13,14,47,44,14,16,22,18,29,21,4,12,10,29,18,13
0,3,73,48,20,3,7,9,27,19,26,44,38,61,48,23,6,8,12,16,9,11,12,15,32,16,3,14,16,21,9,14,5,15,13,36,35,8,13,11,27
0,8,68,45,29,58,45,36,4,6,11,20,22,37,37,10,11,13,15,47,33,10,12,14,32,23,28,21,7,4,11,14,4,1,2,7,13,12,13,13,11
0,49,40,14,13,16,24,24,75,37,34,8,10,4,8,27,22,5,9,14,11,13,19,35,22,13,12,18,29,24,26,8,2,9,10,33,24,27,36,11,6,1,3,6,11,13
0,16,133,91,11,8,15,14,29,20,15,14,19,32,3,23,21,29,55,23,25,28,38,73,25,29,24,38,60,3,5,12,4,14,13,18,23,19,13,30,27,33,52,50,91,67
2,3,1,188,310,296,329,342,211,281,302,303,305,279,312,169,252,274,183,316,279,294,249,154,254,119,269,319,263,336,317,328,331,312,330,159,225,257,280,316,351,346,341,339,258,280
2,2,1,99,309,294,328,341,210,270,302,290,305,281,313,165,213,272,122,312,282,245,251,152,250,82,227,318,262,334,317,324,333,312,329,161,171,220,283,268,345,344,329,338,258,281
0,162,94,10,10,4,9,8,5,8,11,18,18,21,12,12,12,6,9,11,33,23,34,53,44,92,45,4,9,7,6,9,14,28,20,57,39,33,7,19,12,25,5,8,16,15
0,91,42,27,25,34,47,48,149,77,44,15,12,8,18,50,31,9,21,19,22,27,36,69,29,27,20,37,58,48,36,12,2,18,19,66,50,52,62,16,6,0,5,11,22,26
0,6,144,92,60,72,9,6,23,25,35,51,46,58,74,154,96,100,142,40,22,27,23,18,25,60,41,17,20,23,47,51,52,17,17,59,46,45,49,18,7,3,11,5,14,17
0,293,91,20,12,9,18,8,7,15,22,36,36,41,12,22,18,7,17,21,70,42,73,104,85,184,64,7,18,8,13,16,29,57,40,116,74,46,14,38,28,36,9,14,33,28
0,3,74,48,30,46,5,5,12,14,17,26,23,29,37,77,46,51,70,37,11,13,17,9,12,31,24,12,10,12,24,26,29,14,7,30,23,23,33,9,6,3,7,4,7,9
0,8,73,45,13,5,8,11,14,12,12,7,10,19,3,12,11,15,27,19,12,14,20,37,20,14,13,20,36,2,4,7,4,8,10,9,12,14,7,14,14,18,26,25,45,34
0,49,39,9,13,10,11,27,32,19,7,12,12,16,11,13,30,22,22,19,14,21,9,9,12,11,17,9,11,40,22,32,5,8,16,7,8,7,9,23,19,11
0,15,113,51,91,113,74,141,15,17,27,18,11,22,33,26,13,20,15,39,26,19,19,14,31,22,2,1,9,48,28,29,10,14,55,40,51,81,36,18,19,23
2,1,29,273,269,237,281,154,236,318,212,217,280,254,252,271,145,195,323,264,300,188,207,342,308,326,216,255,324,202,294,297,313,313,172,237,268,209,284,294,317,219
2,1,14,190,271,231,282,152,148,317,215,213,280,257,213,271,148,130,322,263,300,189,207,338,309,323,217,252,324,150,260,294,313,316,169,239,264,209,282,290,301,220
0,162,94,6,4,10,10,7,14,14,37,35,33,4,6,4,7,8,6,13,11,30,29,20,12,10,33,26,20,20,15,4,9,8,18,11,12,25,24,20,8,28
0,92,41,15,19,20,21,54,63,26,12,22,24,23,20,25,60,43,29,38,27,29,18,10,23,21,28,15,21,81,42,51,10,14,27,11,9,13,18,45,27,23
0,6,135,57,18,10,14,40,50,2,22,27,27,87,70,59,119,86,27,24,21,54,63,11,33,23,65,61,30,34,26,31,61,50,121,91,35,16,9,16,19,29
0,293,91,11,5,18,12,14,28,27,75,69,51,5,11,5,13,13,7,24,21,63,54,24,23,17,66,52,25,40,21,8,18,19,23,20,25,48,50,26,15,54
0,3,71,28,16,6,8,20,30,2,12,13,15,41,37,30,56,45,25,13,11,27,30,13,19,12,33,30,23,17,13,16,31,25,60,46,28,8,8,8,10,18
0,3,1,11,17,20,16,16,26,28,71,65,25,28,32,32,69,61,18,29,23,66,57,17,1,9,41,35,9,13,8,2,6,9,20,19,31,51,21,20,21,70
0,8,61,26,44,58,37,82,8,9,17,9,10,11,17,18,6,11,11,20,12,15,10,11,15,15,2,1,4,23,14,21,6,7,28,18,28,40,27,9,10,15
0,2,1,6,12,10,12,8,13,16,33,35,20,14,16,16,35,30,18,14,12,34,29,16,1,4,21,19,8,7,7,2,5,5,12,11,15,26,17,10,11,35
0,105,12,15,15,36,8,11,24,21,23,27,34,12,12,5,10,0,4,6,26,16,10,13,11,25,30,8,7,8,12,29,26,6,11,17,16,21,24
0,88,152,6,19,79,47,48,12,10,10,16,33,60,44,74,75,72,81,19,5,11,10,40,26,54,68,4,20,19,27,52,49,13,22,1,8,14,25
2,8,103,341,310,170,310,320,309,316,295,280,241,137,270,243,235,265,256,372,323,334,330,291,305,196,174,281,214,277,250,87,151,156,84,216,342,307,272
2,4,51,208,309,171,309,316,311,312,295,279,240,67,247,244,226,265,252,350,318,336,330,281,246,198,170,277,182,218,249,85,153,156,69,149,345,304,272
0,65,18,18,19,44,7,1,8,9,13,17,30,52,21,5,8,11,22,1,13,11,17,6,7,9,9,10,8,9,13,30,22,18,10,15,15,20,29
0,158,24,28,30,60,15,21,51,40,46,54,50,25,14,11,15,0,7,13,50,32,12,25,22,51,51,9,13,16,23,56,39,13,24,32,34,40,48
0,38,73,4,1,5,9,2,18,19,20,7,23,54,39,57,68,35,11,4,13,12,14,33,33,55,59,65,118,77,84,145,116,171,199,93,4,7,13
0,102,36,36,38,75,9,1,15,17,25,33,60,105,24,9,15,21,37,1,27,22,25,10,9,15,18,11,14,18,25,59,42,23,20,28,30,39,44
0,19,54,5,1,3,6,2,10,10,14,4,12,27,20,29,35,27,7,3,9,9,9,17,17,27,29,33,58,40,42,70,57,86,101,64,3,5,7
0,17,30,3,21,29,28,27,13,16,23,28,11,38,27,24,11,25,26,10,0,7,28,19,23,48,48,48,40,11,9,20,21,43,69,48,1,11,16
0,41,107,6,19,54,23,28,10,7,6,9,15,32,21,37,36,36,44,18,3,7,6,20,14,27,39,4,13,10,14,26,32,6,14,0,4,8,13
0,9,22,3,20,14,14,18,6,8,12,19,6,19,15,16,7,12,14,11,0,4,16,11,11,25,24,24,27,7,7,10,11,21,35,29,1,7,8
2,1,2,35,150,76,109,263,290,93,43,130,151,160,270,281,172,49,146,217,309,235,210,117,56,70,18,51,121,147,74,217,242,72,188,359,337,183,204,329,163,185,67,77,78,140,208,171,110,26,108,147,104,22,40,68,83,161,169,124,82,82,31,33,62,153,106,129,168,139,234,108,266,367,302,116,98,91,111,38
0,3,72,31,2,8,10,15,5,6,4,9,2,10,8,8,16,21,2,6,5,11,10,16,7,8,6,8,20,17,14,12,12,22,15,2,6,20,19,11,8,9,7,6,8,9,12,7,9,25,20,5,7,5,5,7,19,17,5,8,4,5,6,8,27,17,41,29,6,5,4,6,5,3,11,16,6,9,7,6
0,3,1,8,3,12,28,13,8,10,7,23,10,17,17,23,33,34,19,10,4,21,12,11,6,5,14,15,14,7,3,20,21,48,7,3,4,15,15,8,15,10,16,19,23,7,3,12,4,14,17,31,29,4,13,17,47,34,54,47,6,16,22,6,28,6,14,3,8,7,1,9,3,11,21,30,16,20,12,16
0,8,61,28,3,6,13,11,13,6,6,12,10,9,9,16,17,26,7,8,2,13,11,18,19,6,8,5,5,5,1,8,6,9,10,7,5,13,5,5,8,8,19,8,7,8,15,27,3,9,9,15,10,5,7,6,10,12,9,8,11,19,29,15,15,12,32,13,7,6,6,8,5,8,11,13,14,12,13,20
0,2,1,5,2,6,14,9,4,8,6,12,9,9,9,15,17,17,15,6,4,12,10,6,5,3,7,10,9,6,2,10,11,29,3,4,4,8,9,6,7,9,8,10,16,4,2,7,4,8,9,15,17,4,10,8,24,17,27,25,6,13,12,5,15,7,7,4,6,4,0,5,4,9,11,19,9,11,10,8
0,49,40,7,2,6,11,17,7,7,10,9,0,9,9,14,19,25,6,5,2,3,5,5,8,5,7,7,7,5,2,9,10,8,5,7,7,13,13,19,31,4,7,5,8,9,8,8,10,25,21,31,12,6,12,13,34,25,5,9,6,10,16,13,11,6,7,8,6,8,3,9,6,4,6,12,20,26,23,24
0,15,113,47,3,10,25,24,14,10,8,25,11,17,17,24,35,43,10,10,2,27,20,36,31,7,13,7,10,7,1,15,7,18,17,8,7,19,7,6,14,17,37,9,12,16,32,42,4,14,17,31,12,6,12,8,20,20,14,15,21,38,55,17,30,26,61,18,9,10,9,15,8,8,22,25,20,22,25,41
2,1,24,228,242,282,148,27,44,265,341,179,229,145,46,19,77,173,215,91,71,91,140,204,295,299,304,286,202,159,315,102,104,202,169,31,40,83,36,16,143,184,253,289,237,150,136,156,263,220,185,92,209,371,317,272,86,129,148,193,294,245,234,325,165,184,122,188,202,167,159,247,119,19,27,180,219,161,216,272
2,1,10,155,241,281,152,24,31,210,339,179,230,133,37,20,77,106,216,91,70,89,133,131,280,301,301,284,202,158,313,90,103,138,160,33,40,82,36,15,129,184,185,279,239,152,136,109,263,221,183,93,195,371,316,273,61,115,148,175,292,248,154,322,169,184,92,167,203,155,160,229,119,19,27,178,219,161,210,230
2,1,4,58,150,77,153,291,289,93,42,144,150,162,273,280,172,51,154,278,321,233,212,117,56,73,21,62,130,200,75,219,241,75,196,361,337,195,269,332,161,184,76,84,97,191,208,170,110,53,114,163,124,22,40,68,111,173,171,127,83,85,38,32,105,151,105,144,168,194,235,111,273,367,299,118,98,131,112,35
0,164,91,7,11,8,10,12,20,13,4,8,8,23,18,24,16,21,11,6,7,14,9,5,8,11,20,19,6,5,4,9,10,8,2,3,6,18,21,7,9,8,7,5,11,10,12,5,1,8,9,15,14,4,5,8,23,6,6,5,4,6,13,10,10,9,9,10,8,12,5,6,7,4,6,13,8,11,1,6
0,92,41,10,3,12,24,23,13,11,12,18,1,16,17,24,36,43,6,11,1,5,6,9,9,6,12,9,12,7,3,19,11,16,7,7,9,27,25,37,52,4,12,5,16,16,10,15,17,52,41,60,14,6,19,26,68,35,11,14,7,16,33,16,20,7,14,8,9,15,3,13,5,4,14,20,43,50,43,31
0,6,137,54,2,12,20,18,11,7,5,17,3,16,13,13,33,33,2,11,6,19,19,32,7,8,11,14,40,32,16,25,23,44,18,3,11,41,36,10,15,9,14,5,16,18,15,13,20,49,27,11,8,5,8,13,40,22,10,15,4,5,11,14,54,34,85,43,11,7,4,11,5,5,22,25,9,17,9,12
0,293,91,13,16,13,20,23,39,22,4,12,14,46,35,35,33,41,12,8,13,22,10,9,14,21,43,25,11,6,6,18,11,16,4,5,11,38,30,10,18,10,11,7,17,21,14,10,1,16,17,31,22,4,10,14,46,6,10,7,4,13,25,9,16,10,18,14,11,19,7,12,6,4,13,21,13,18,1,11
2,3,29,86,162,179,60,122,225,153,147,14,122,41,33,49,24,108,66,99,184,113,135,171,177,55,68,174,135,265,283,173,213,30,35,82,131,140,198,113,104,366,341,332,246,136,259,217,198,318,211,130,92,23,142,233,289,330,145,228,21,42,176,185,74,115,203,340,166,276,265,246,229,131,215,229,295,152,249,231,65,42,29,23,17,178,364,335,223,32,92
0,19,44,7,18,34,46,29,34,50,13,4,4,6,7,22,16,20,36,6,8,20,18,7,9,23,20,6,7,0,5,8,9,11,13,30,13,8,7,7,11,11,18,19,25,18,9,13,2,1,0,3,5,8,10,16,18,22,52,32,39,5,5,7,8,15,18,4,6,1,4,10,4,5,4,9,3,6,13,10,6,9,11,6,10,8,0,6,10,12,23
0,17,35,3,8,30,58,29,11,17,21,9,22,22,5,23,22,9,13,24,15,18,4,22,19,43,37,9,8,4,8,11,35,36,33,15,8,15,11,14,17,0,0,1,9,32,35,37,43,50,91,56,7,10,3,10,15,23,64,51,53,25,10,17,17,35,32,41,71,58,51,9,10,10,3,1,3,13,22,24,36,9,21,22,10,11,1,7,19,22,38
0,40,114,1,29,53,22,17,4,8,10,3,10,9,13,30,23,3,6,12,12,9,10,8,9,22,23,4,8,10,22,21,11,11,15,8,2,10,2,5,10,4,7,10,13,10,8,8,4,3,7,7,6,9,1,5,6,2,12,15,15,40,28,16,9,6,7,5,8,9,5,3,4,6,5,3,6,5,10,4,6,7,2,7,3,2,6,9,17,23,5
0,8,27,3,7,15,29,21,5,9,12,8,11,14,4,11,16,6,7,12,11,9,4,14,10,20,27,4,6,3,6,6,17,17,21,8,7,8,10,7,11,0,0,1,5,16,17,20,22,25,44,38,4,6,3,5,8,12,33,25,28,18,9,10,9,18,17,20,36,29,35,5,8,6,3,1,3,8,12,13,23,5,10,13,8,6,1,5,11,11,19
0,105,10,10,6,22,36,22,32,39,9,4,12,11,14,12,6,3,4,5,8,23,16,32,17,7,8,8,8,11,9,7,18,23,9,9,6,9,9,7,9,1,5,5,6,17,18,3,2,1,7,12,5,7,2,7,4,7,11,9,12,6,11,8,9,19,21,4,7,3,4,10,8,6,2,5,7,7,9,11,21,18,4,5,6,5,7,5,10,14,5
0,85,171,3,29,54,44,23,6,15,16,3,18,17,25,61,33,3,10,23,15,18,14,14,17,46,32,6,16,19,44,33,18,20,23,16,2,17,3,11,13,8,13,19,23,14,13,10,6,4,11,9,11,11,1,11,6,3,25,28,31,81,52,20,11,11,8,6,16,12,4,6,3,11,5,5,8,10,18,4,9,9,3,11,5,3,11,17,34,34,8
2,8,64,246,173,0,7,67,42,62,201,375,207,282,285,155,240,246,247,223,156,114,184,85,122,193,179,188,150,77,44,166,82,241,289,184,236,196,181,235,169,20,20,17,79,163,47,125,153,40,75,193,258,295,212,36,0,7,55,21,224,233,134,151,258,142,47,13,130,63,65,68,150,232,167,62,100,211,61,103,200,308,336,323,342,107,21,32,84,264,184
2,4,31,187,175,0,7,66,43,56,132,375,206,283,281,155,235,239,247,150,156,114,182,69,107,194,135,188,146,68,44,162,72,165,288,188,234,167,155,238,169,20,20,17,76,166,26,125,139,39,75,182,224,214,214,36,0,7,54,22,219,236,131,151,223,143,50,13,112,61,67,59,150,132,157,64,99,208,50,101,143,300,336,323,343,83,21,31,82,218,184
2,5,44,118,162,181,80,154,228,156,146,15,121,41,35,51,46,108,66,103,193,160,138,171,177,65,102,173,172,287,285,172,213,44,36,107,136,141,197,121,176,363,344,333,243,135,268,218,199,318,211,127,93,42,162,310,342,330,146,229,19,42,177,190,84,126,251,342,165,278,268,283,230,130,234,331,295,151,251,230,69,42,29,23,35,260,364,336,220,35,126
0,65,13,17,6,19,34,26,1,11,6,8,11,13,15,33,25,5,7,15,8,11,12,25,29,6,11,13,23,11,8,9,10,10,3,9,10,10,5,7,5,0,4,4,4,8,8,5,6,4,6,9,14,20,16,5,8,3,3,6,10,9,14,9,9,17,17,3,8,4,9,11,10,6,2,1,4,7,13,12,25,9,7,11,5,8,9,4,10,16,5
0,158,19,15,12,42,71,44,64,67,8,4,23,22,23,19,9,3,5,10,14,46,31,63,21,13,15,10,16,18,15,11,38,40,10,18,7,17,12,14,15,1,6,6,11,35,28,4,4,1,16,14,11,11,2,8,9,10,18,14,18,12,15,16,17,38,31,4,12,3,8,18,10,12,2,7,6,10,18,21,43,24,6,8,7,12,9,8,21,17,9
0,38,60,7,26,68,95,58,65,87,16,4,5,10,17,42,33,40,60,10,14,39,25,14,17,46,33,7,11,0,10,11,16,21,25,60,15,13,7,13,20,25,33,38,46,26,16,16,4,1,1,2,7,15,19,32,35,43,105,64,60,8,9,9,15,31,25,9,8,1,9,15,4,11,3,11,3,10,24,12,12,18,14,12,13,12,0,10,21,24,46
0,102,25,26,9,43,63,44,2,14,11,8,22,25,28,67,36,9,17,26,11,23,23,49,45,13,20,25,46,13,12,15,16,16,3,18,14,20,7,10,9,1,3,4,7,14,11,8,10,4,13,18,31,34,20,11,11,3,5,11,14,17,21,16,16,35,25,3,16,4,13,19,12,12,4,2,3,13,25,24,49,9,9,19,7,13,12,9,19,22,8
0,1,5,13,12,24,20,24,59,34,1,11,9,23,21,32,28,6,11,13,23,36,39,24,6,9,7,12,19,32,15,11,11,13,11,13,37,26,10,7,9,7,10,8,13,6,6,11,11,13,14,6,11,15,11,9,6,11,19,32,16,4,10,5,9,14,28,25,25,39,16,11,10,32,9,6,11,13,7,3,6,13,4,7,10
0,3,71,37,20,5,8,12,32,24,27,61,41,6,11,17,31,26,10,8,11,29,26,31,35,1,7,10,7,10,15,30,26,33,55,22,12,14,4,8,11,9,8,16,31,25,41,40,22,10,13,14,21,13,8,5,6,9,21,27,23,32,29,5,8,9,10,10,13,21,21,45,34,5,10,12,27,20,4,7,19,4,8,11,7
0,3,1,16,16,37,23,3,25,16,4,17,18,40,44,57,110,63,17,20,38,65,61,65,8,3,16,20,43,65,22,25,22,36,70,37,16,9,3,16,19,54,42,16,24,25,47,52,30,27,25,37,48,73,95,44,16,22,45,58,50,64,70,98,87,14,11,10,3,10,4,13,14,36,49,45,17,7,12,5,12,16,23,31,71
0,8,81,43,24,7,9,13,35,23,22,9,12,20,25,5,14,12,40,30,44,64,59,58,31,6,17,14,18,9,14,27,26,20,10,8,13,12,10,9,9,28,25,9,16,1,7,11,15,39,19,6,12,21,30,11,8,8,17,9,11,4,8,5,9,3,6,10,6,6,8,23,21,8,12,11,9,15,7,3,6,11,13,19,7
0,2,1,8,8,18,17,3,12,13,4,9,9,21,22,28,53,42,10,11,19,32,29,42,5,2,8,10,22,32,19,12,11,19,35,26,9,8,2,8,10,25,26,11,12,13,24,26,22,13,12,19,23,37,47,32,8,11,23,28,25,33,35,47,53,11,7,7,3,5,5,7,8,18,25,26,12,6,6,5,6,8,12,16,34
0,1,10,24,25,46,41,48,118,50,1,19,22,47,38,65,40,6,21,25,46,71,79,31,11,11,16,21,42,58,17,22,20,20,23,23,74,45,8,14,11,13,15,13,24,6,12,20,14,27,19,11,22,20,23,10,12,20,38,65,17,9,10,11,16,29,59,44,50,73,19,23,20,52,14,9,23,16,12,3,13,18,5,6,20
0,49,41,11,12,22,20,2,9,6,9,27,20,10,13,7,14,15,12,13,23,37,40,34,38,25,7,8,18,26,22,11,11,9,9,12,36,25,7,8,8,7,6,4,10,3,6,11,19,37,24,4,7,8,10,10,6,8,14,11,5,4,8,14,21,6,8,9,11,7,10,24,19,40,38,21,8,16,18,21,4,5,7,11,11
0,15,153,87,32,12,17,25,71,46,28,16,23,40,39,11,27,26,79,60,87,132,114,117,36,11,35,26,24,18,28,53,53,24,20,10,26,22,12,18,17,57,42,13,26,1,12,20,31,82,19,14,20,47,56,10,14,16,25,18,14,10,8,8,12,3,12,17,8,12,15,45,31,16,22,14,18,21,12,3,12,20,25,28,13
2,1,4,170,264,221,244,282,114,239,306,161,246,247,236,229,128,243,239,245,150,0,6,39,195,364,309,302,224,151,267,220,237,248,156,280,181,269,376,322,327,215,243,285,164,312,239,213,248,120,276,313,257,242,195,315,315,320,240,181,267,229,249,255,249,347,283,292,290,221,279,99,232,215,216,291,273,299,326,353,333,336,316,290,209
2,1,2,101,264,218,247,281,112,236,304,161,242,249,205,228,96,199,241,242,152,0,3,19,126,358,310,303,225,147,266,217,150,249,156,276,149,217,374,321,322,217,243,286,93,311,239,211,250,60,242,312,256,243,191,312,316,319,241,178,250,229,244,256,173,347,284,285,291,219,277,102,227,217,212,289,223,298,321,353,333,333,315,291,210
0,176,59,14,18,23,22,25,11,7,5,13,15,6,11,7,12,16,12,15,19,11,13,17,22,2,9,9,19,27,19,9,9,11,11,14,13,11,3,8,10,24,24,28,52,20,6,8,15,36,17,5,9,7,9,11,22,8,3,11,12,16,20,5,7,7,9,10,14,23,20,48,25,6,12,11,9,11,8,7,6,7,11,14,37
0,92,43,23,23,44,29,3,10,11,17,55,28,19,23,11,27,21,24,26,44,73,81,68,78,27,13,16,35,51,31,22,19,9,18,25,70,40,9,16,9,13,12,5,15,3,13,20,38,75,34,6,12,13,20,12,12,16,21,20,4,8,14,28,32,6,16,17,14,14,19,49,37,81,75,23,16,32,36,34,4,8,14,20,18
0,6,139,70,24,11,16,25,63,47,55,123,61,13,20,33,63,36,11,15,27,55,51,62,56,1,13,16,13,20,29,61,50,67,109,24,24,20,7,16,17,17,16,29,64,48,85,78,24,19,25,27,42,15,12,6,12,16,42,55,44,67,40,11,12,11,20,19,26,42,42,93,50,8,20,23,53,29,6,13,33,9,14,16,14
0,293,64,28,35,47,48,33,17,9,8,27,20,13,18,12,24,23,27,28,26,22,27,36,34,2,16,17,38,55,24,16,17,14,23,19,27,14,3,16,19,49,48,58,101,23,11,15,33,69,20,11,17,8,18,21,37,9,7,21,23,31,27,8,10,8,18,19,27,47,40,96,35,10,22,14,18,14,15,7,11,12,21,27,74
0,1,6,14,10,11,10,2,10,11,6,11,9,9,9,10,13,4,9,10,20,18,4,13,23,21,21,33,10,8,12,7,3,7,10,19,32
0,3,73,42,22,11,12,14,29,23,46,45,7,5,8,22,18,27,44,32,7,10,8,37,35,30,35,1,16,9,3,8,9,8,9,10,10
0,3,1,16,11,22,14,4,18,21,53,39,15,9,14,39,32,51,90,35,11,9,22,75,84,66,60,18,13,11,8,15,19,40,47,65,108
0,8,63,36,34,58,44,5,11,12,28,22,30,37,36,8,12,18,30,24,39,34,26,35,40,32,36,9,15,12,17,25,24,51,34,23,9
0,2,1,8,9,11,10,2,10,11,25,21,13,5,8,19,17,25,45,26,6,7,12,37,42,32,32,17,7,9,7,8,10,20,23,31,56
0,1,12,27,10,21,14,3,20,14,13,19,12,17,11,20,20,6,18,19,40,28,5,24,46,42,42,53,21,14,15,12,3,15,17,38,65
0,49,40,10,11,25,7,2,9,10,20,27,1,8,11,25,19,16,11,12,7,9,29,37,18,21,4,7,12,12,9,8,10,20,23,15,12
0,15,120,71,67,113,67,11,22,23,55,43,60,74,52,16,23,35,63,48,80,63,34,72,78,64,61,12,29,25,32,50,48,101,68,25,18
2,1,4,181,253,136,252,368,267,279,154,174,299,256,265,160,215,241,119,237,226,277,240,0,7,79,182,327,284,322,339,296,299,153,179,240,159
2,1,2,105,252,135,250,366,266,280,152,112,297,256,245,158,214,243,117,232,228,207,242,0,7,77,175,324,194,321,337,297,294,154,181,239,107
0,164,92,11,15,30,24,4,8,11,7,10,13,19,20,46,35,5,10,11,21,5,19,56,48,47,7,1,10,11,4,8,11,27,21,18,12
0,92,41,20,21,41,10,2,18,19,40,45,1,14,22,49,37,19,23,14,14,17,61,60,37,31,10,6,24,21,11,15,19,40,46,18,25
0,6,139,83,28,25,21,27,59,46,91,78,6,11,14,43,36,58,85,45,14,15,18,72,73,56,56,1,28,10,5,14,10,16,18,12,20
0,293,94,20,29,60,40,4,14,16,13,20,25,38,40,91,56,8,20,21,33,9,39,115,93,81,7,1,20,15,9,16,20,54,43,20,24
0,1,2,5,9,7,5,6,2,2,7,5,12,12,26,24,5,8,9,15,5,9,12,23,14,7,14,16,14,12,13,5,12,12,11,7,5,6,8,6,0,6
2,1,130,231,304,260,257,153,63,55,134,272,180,121,126,35,26,166,171,139,114,78,45,56,114,197,255,226,271,147,165,216,86,19,77,187,93,116,73,55,332,233
0,3,21,11,17,6,8,17,13,6,4,3,9,13,6,10,16,15,9,11,6,7,10,10,12,4,10,16,8,10,9,20,23,18,9,10,8,7,14,21,4,7
0,3,1,7,12,31,28,57,17,12,10,10,19,9,18,27,17,13,37,29,46,56,13,18,21,21,3,12,5,18,13,13,20,23,58,24,14,16,6,15,17,19
0,8,18,9,13,23,24,6,8,9,6,4,9,11,25,18,6,8,14,7,5,10,5,9,8,5,13,13,15,13,14,6,10,1,9,9,19,23,6,8,0,7
0,2,0,4,7,15,15,28,13,7,9,5,12,6,9,13,13,7,18,15,23,31,12,10,11,15,3,8,5,10,9,8,10,12,29,19,7,10,5,8,8,15
0,1,3,9,14,13,6,9,3,3,10,7,22,25,50,35,9,10,19,20,11,18,23,44,16,15,25,33,12,24,18,11,22,16,22,9,9,11,10,12,1,11
0,49,25,9,6,9,11,5,9,25,21,4,7,10,12,9,12,7,6,6,5,8,6,8,8,5,10,16,4,12,11,7,11,7,7,8,5,10,5,11,10,8
0,15,26,17,25,46,36,12,8,18,8,7,18,21,51,22,10,17,20,8,7,16,8,18,10,10,25,26,19,27,17,11,16,1,16,18,37,37,9,15,1,13
2,1,2,16,6,12,41,110,275,237,172,106,130,195,101,242,260,164,108,149,193,180,260,165,154,69,43,54,90,141,131,109,145,328,188,140,228,196,274,189,47,116
2,1,1,11,6,7,33,80,228,239,171,103,100,195,101,235,239,162,91,115,192,181,259,164,154,70,43,33,90,103,114,108,146,313,190,132,220,152,275,179,48,114
2,1,264,320,301,265,254,153,63,67,170,271,184,121,126,38,55,175,188,170,114,78,45,59,126,218,254,228,272,146,192,212,137,16,77,187,94,115,73,109,333,230
0,165,67,18,27,30,17,16,14,8,13,4,6,8,19,16,7,9,8,9,15,21,26,39,32,34,23,9,5,12,11,5,9,3,14,13,5,10,5,10,4,1
0,92,24,9,6,14,14,11,18,53,25,7,16,16,18,17,24,7,12,9,6,14,8,16,10,10,24,25,4,20,16,13,21,7,13,9,11,15,9,22,11,16
0,6,35,22,24,11,14,34,16,12,5,5,18,17,16,17,30,21,18,16,11,14,11,20,18,9,19,27,8,18,17,41,44,24,17,16,14,13,28,38,4,12
0,293,64,18,30,27,25,32,19,16,18,6,11,14,39,20,13,12,16,17,31,42,50,79,63,66,26,13,8,25,14,8,14,3,28,15,11,16,9,18,5,1
0,4,30,88,3,28,4,13,12,4,11,11,14,22,34,25,6,5,4,8,15,2,4,7,10,19,13,6,6,13,11,6,9,9,12,0,9,9,15,17,33,28,23,6,8,10,11,9,8,12,24,18,7,8,12,19,11,10,9,7,10,13,18,21,15,5,10,6,5,8,10,10,12,24,23,6,8,15,19,16,6
2,2,17,113,200,83,114,165,222,315,172,220,92,0,5,23,144,335,367,258,36,145,226,186,232,104,180,35,84,52,176,200,256,266,165,272,48,125,118,26,27,134,64,64,115,50,57,137,91,163,75,156,92,31,17,78,157,133,182,110,125,226,218,339,143,155,156,115,176,306,183,180,97,39,71,49,78,161,106,120,147
0,19,36,3,18,9,10,8,12,6,10,11,14,2,8,7,6,5,3,4,7,9,4,6,11,20,19,7,6,8,8,6,9,6,9,0,7,3,5,8,6,9,8,8,12,8,9,19,27,23,40,33,7,6,3,7,11,13,12,29,23,4,8,2,10,13,10,10,5,7,4,13,10,8,10,16,18,3,11,11,19
0,17,40,7,14,24,21,16,3,8,24,9,6,1,2,3,10,11,10,14,23,1,9,13,26,38,8,0,0,10,17,35,24,10,18,4,14,8,13,2,12,9,9,11,16,41,34,19,18,4,13,10,12,16,29,38,9,24,5,12,12,4,5,6,20,21,26,7,9,14,34,47,40,76,41,9,9,12,15,21,38
0,40,111,7,30,28,13,8,9,13,30,28,5,9,15,17,24,9,6,9,13,17,6,9,6,10,1,8,7,10,11,7,10,6,11,0,9,8,16,16,31,29,4,5,7,9,10,20,28,15,6,10,8,10,16,22,16,14,10,6,7,9,5,8,22,6,11,3,6,8,17,25,8,9,3,5,7,14,21,11,6
0,8,32,5,7,12,16,8,3,4,12,8,4,1,1,4,6,8,7,7,12,0,5,8,13,19,9,0,0,6,8,18,18,6,10,4,9,7,7,2,7,8,5,5,8,23,20,11,12,4,6,8,6,8,15,20,8,14,6,7,7,4,5,5,10,11,17,7,5,8,17,24,22,37,28,6,7,7,8,11,19
0,8,63,122,3,28,4,21,15,5,22,21,26,44,69,33,11,6,8,14,29,4,7,13,24,35,15,7,10,25,12,12,12,17,18,1,16,16,35,33,64,56,29,11,10,20,17,13,15,26,46,22,13,16,23,38,11,19,12,13,19,26,33,37,21,5,20,7,7,14,16,20,23,47,33,13,16,29,38,19,10
0,105,10,13,6,10,8,8,9,9,10,11,17,0,0,1,6,5,4,8,17,0,6,10,5,8,12,15,31,41,1,10,7,7,10,3,12,10,20,23,7,8,1,3,6,17,19,6,11,3,7,7,7,9,5,8,6,11,9,8,8,1,5,4,10,2,3,6,10,7,1,8,9,19,19,6,8,14,20,15,5
0,83,159,7,34,36,16,16,17,25,60,43,8,17,31,32,48,9,6,16,27,23,13,13,11,17,1,9,13,20,13,14,11,12,20,1,15,17,31,32,61,45,6,10,8,18,19,40,56,14,13,13,16,19,33,44,20,30,11,13,14,9,8,17,42,6,19,5,9,14,34,49,8,13,4,10,13,28,43,10,9
2,5,31,90,125,164,222,86,33,0,3,42,243,352,290,297,76,41,9,88,226,209,113,111,83,105,148,328,220,197,178,55,55,53,116,134,254,211,157,265,197,116,290,293,226,184,202,148,101,142,124,123,172,250,286,134,185,111,141,180,174,126,49,8,135,204,165,250,84,49,141,81,213,156,199,237,198,105,118,204,146
2,3,21,75,125,99,220,89,33,0,3,41,206,353,288,298,75,40,6,64,171,213,111,111,82,102,95,324,223,173,177,48,32,51,117,134,232,212,157,262,197,116,269,226,227,185,199,147,55,140,123,116,147,215,283,136,184,74,131,177,128,123,50,8,135,204,162,249,87,49,140,46,211,141,174,237,177,107,114,201,138
2,3,34,145,196,115,114,198,276,316,171,222,88,0,7,35,244,335,368,258,57,152,224,209,229,149,181,35,86,50,186,266,282,264,169,272,74,134,119,27,45,160,62,64,115,62,71,137,139,164,75,154,102,37,17,121,161,165,200,112,140,234,293,342,143,155,154,115,277,310,181,181,97,44,68,50,96,162,135,122,160
0,65,13,19,6,7,11,25,20,23,49,29,0,0,3,7,6,4,4,5,7,10,16,25,7,10,8,3,10,18,1,6,8,18,26,3,8,7,7,9,8,8,5,6,9,21,23,6,9,12,26,21,38,35,13,8,10,12,11,8,9,10,7,2,9,2,6,8,3,1,0,2,6,14,14,27,22,32,5,5,5
0,158,19,17,13,18,9,14,16,11,20,21,27,0,0,1,11,6,8,14,30,0,10,12,10,15,23,29,63,71,1,15,8,12,18,3,19,19,40,35,13,9,1,5,11,35,27,13,16,3,13,7,13,10,10,15,6,21,12,16,10,1,9,4,19,4,5,11,19,8,3,14,15,38,27,13,16,28,39,15,11
0,38,48,3,22,20,11,16,18,7,20,21,20,5,14,9,8,6,3,7,12,10,6,11,23,40,33,7,7,15,10,12,12,13,18,0,11,5,9,9,13,14,12,14,16,15,17,38,55,43,81,48,14,9,5,13,13,27,23,56,33,6,11,3,20,19,18,14,9,9,9,23,12,16,19,33,27,3,20,21,38
0,102,25,27,12,13,21,52,40,46,99,39,0,0,5,8,11,4,6,8,14,19,37,36,12,20,9,3,20,30,1,10,14,37,42,3,15,9,14,15,14,9,9,11,16,43,32,10,18,23,53,41,77,61,16,15,13,22,14,16,17,12,10,2,18,4,12,9,4,1,0,3,11,28,27,54,43,51,11,6,6
0,1,2,5,8,21,21,21,51,35,42,38,6,7,8,11,30,23,8,12,14,27,34,14,16,17,18,32,28,5,11,11,20,12,8,12,17,20,25,27,30,43,42,7,8,3,11,14,14,13,9,13,17,33,33,4,8,10,20,22,32,38,17,3,7,10,33,20,49,42,40,9,10,11,11,11,14,24,34,29,8,21,14,5,8
0,1,2,9,9,18,20,23,20,19,28,49,42,92,65,31,29,26,41,62,5,3,15,12,25,26,25,13,17,31,59,27,10,19,16,10,20,25,33,37,39,11,13,14,17,14,23,29,78,45,23,25,24,72,32,6,17,21,51,39,21,16,11,7,13,10,22,19,12,15,19,18,19,15,23,17,10,14,33,39,61,107,29,6,25
0,1,0,5,6,11,10,16,10,10,13,26,21,45,33,25,15,13,21,35,5,2,8,9,12,13,19,7,9,15,30,21,4,10,13,5,11,13,17,19,27,6,9,7,9,11,11,15,39,25,16,13,13,36,22,5,9,11,25,20,16,8,10,5,7,9,11,15,8,8,14,9,10,11,11,13,5,8,16,20,31,53,22,6,13
0,3,19,10,13,20,8,10,29,22,12,6,9,23,18,19,13,13,20,13,8,12,8,8,13,11,19,25,24,17,12,15,5,11,7,3,9,11,15,18,22,31,24,5,7,5,11,12,13,13,7,12,5,16,6,6,8,14,22,21,32,8,5,4,10,12,11,15,7,12,12,30,26,16,9,11,16,18,32,22,6,13,13,6,7
0,3,1,6,13,43,32,2,22,17,9,19,20,52,50,13,29,26,46,55,48,23,15,19,27,24,34,53,53,44,20,12,7,14,17,5,6,11,17,25,34,23,15,31,36,49,75,43,31,16,18,24,17,26,24,40,57,49,93,60,5,13,0,3,4,9,41,28,12,21,20,18,19,16,23,17,11,17,34,23,16,43,30,43,12
0,8,26,13,15,40,27,27,11,15,5,7,8,8,9,19,34,24,5,10,11,25,27,17,16,13,3,7,6,6,17,15,24,34,21,2,6,9,13,18,22,30,19,6,12,6,11,14,14,13,29,33,24,9,13,19,23,19,9,10,20,33,1,5,9,14,35,29,7,11,15,8,11,4,8,11,13,20,26,19,6,17,15,5,9
0,2,0,4,7,21,21,2,11,11,8,10,10,27,27,12,15,13,21,29,25,18,8,14,13,12,18,26,26,31,10,10,4,8,12,4,4,6,9,13,17,17,8,15,18,25,37,31,15,12,9,12,13,13,12,19,30,24,46,38,5,7,0,3,4,6,20,20,7,11,15,9,10,12,11,14,6,8,17,18,8,21,16,26,9
0,1,3,9,17,41,42,42,105,72,82,54,7,12,13,23,60,34,15,23,30,52,68,13,32,33,35,64,41,8,23,21,36,17,17,23,33,39,49,53,60,87,61,14,12,5,23,18,29,17,18,31,27,69,50,6,16,19,40,45,66,72,18,5,14,19,66,43,96,84,59,18,19,15,23,21,31,44,68,42,16,43,16,7,15
0,49,25,6,1,26,6,6,11,11,6,8,10,20,23,28,56,38,7,14,14,32,29,19,15,13,19,7,9,18,30,13,6,10,7,3,8,9,12,12,2,6,11,20,19,31,43,25,8,10,8,11,10,10,13,4,8,10,20,26,6,10,11,4,7,10,14,10,8,12,12,32,23,23,7,8,12,20,25,30,6,17,14,22,28
0,15,43,24,30,81,52,38,23,21,5,14,11,13,17,38,72,31,9,20,21,52,51,20,32,20,3,14,7,12,35,28,48,68,27,3,11,18,25,36,44,60,22,13,18,9,23,18,29,24,58,67,31,19,24,38,46,26,16,19,40,56,1,9,19,27,71,43,12,21,21,16,22,1,18,19,25,42,52,25,10,33,21,8,13
2,1,272,338,313,150,231,283,144,215,263,236,280,119,144,220,71,199,245,188,269,193,177,292,160,222,184,130,165,252,176,277,271,203,307,360,307,268,213,199,189,141,222,245,245,251,146,253,186,260,221,181,276,163,242,273,191,211,43,108,213,205,355,373,325,305,154,230,248,209,225,154,198,294,277,284,262,180,50,176,278,90,247,265,216
2,1,135,261,313,151,231,281,146,152,263,235,278,117,147,217,41,157,249,154,225,195,177,286,129,187,187,130,124,250,135,243,272,202,302,359,299,267,212,190,188,141,213,241,174,252,143,252,158,213,221,183,268,167,236,275,189,210,26,81,213,137,339,373,323,305,125,181,246,188,223,154,143,289,278,274,261,181,23,147,278,58,218,265,213
0,176,47,7,7,10,9,5,12,13,7,9,11,23,28,8,10,16,6,13,6,6,11,14,42,25,35,43,44,10,10,10,16,27,16,4,8,10,14,14,5,11,15,26,22,15,11,10,12,13,25,27,17,11,11,19,30,25,44,44,6,10,13,3,6,12,10,14,7,13,12,35,23,21,11,11,14,22,34,27,9,21,16,19,35
0,92,25,5,1,33,11,7,22,17,8,16,19,40,47,58,111,57,13,27,26,64,58,22,31,24,28,12,17,38,61,14,6,20,9,3,14,18,25,15,3,12,19,40,40,61,86,32,15,14,15,20,12,19,17,6,16,19,40,38,13,20,12,8,14,18,23,14,13,22,25,65,45,32,13,16,23,39,50,46,12,33,30,41,57
0,6,30,19,26,34,13,19,59,39,14,12,18,45,36,25,27,23,38,18,14,19,15,11,27,22,36,50,47,20,24,19,11,22,6,8,14,21,29,35,41,63,35,11,8,8,23,14,27,16,15,18,9,27,8,11,18,25,44,42,48,16,5,9,19,15,22,21,13,22,25,59,51,19,18,24,29,38,63,29,9,27,15,10,11
0,293,44,8,10,18,17,5,23,18,10,18,21,46,46,10,20,22,11,26,5,12,20,29,84,48,73,82,72,13,20,21,29,55,20,6,13,19,27,18,9,21,31,51,42,21,20,11,24,26,50,53,22,23,22,38,57,49,91,67,13,20,16,5,10,15,20,20,12,25,24,70,46,26,23,21,27,44,69,38,16,43,30,38,70
0,4,35,118,8,37,15,13,12,17,41,31,22,7,13,21,24,13,6,7,19,24,5,14,10,3,7,10,11,15,5,9,14,20,21,29,8,9,12,24,5,13,16,8,11,12,14,31,25,12,14,11,9,15,24,29,36,28,6,11,13,25,10,6,7,13,15,2,8,10,16,21
0,5,19,11,14,22,9,12,22,15,24,27,29,52,28,14,23,3,12,16,23,18,29,55,32,8,11,19,52,43,18,18,21,38,46,46,66,30,6,22,10,13,20,12,24,28,21,18,19,66,39,15,20,25,57,54,81,60,13,16,29,50,24,11,10,20,19,3,16,7,8,13
0,3,15,7,8,12,8,8,11,13,12,13,14,26,22,7,12,4,8,9,15,9,15,27,22,5,5,10,25,22,15,9,11,19,22,24,33,24,4,9,10,6,11,11,12,15,16,9,10,33,25,9,11,12,29,27,40,40,6,9,15,25,18,6,8,11,13,2,8,6,4,8
0,19,36,6,21,16,6,14,21,18,13,14,16,25,22,7,11,8,9,10,24,25,29,30,9,5,10,12,34,24,30,32,1,5,9,9,6,9,14,25,21,18,8,12,9,13,15,31,21,12,11,7,10,10,9,15,17,4,6,6,8,7,9,7,7,10,9,2,8,12,5,9
0,17,40,9,24,37,11,13,25,9,17,15,9,19,18,14,22,13,15,19,57,48,57,100,45,7,9,1,19,22,16,15,5,9,6,4,12,17,23,30,11,28,34,25,24,28,29,16,5,24,15,10,18,29,46,63,69,43,8,13,21,42,28,13,15,56,10,17,29,30,49,45
0,40,111,10,47,25,9,5,10,7,25,19,1,10,10,14,8,5,9,10,24,24,28,51,35,47,49,25,9,9,17,26,19,5,11,10,6,10,6,13,13,26,27,21,9,13,1,6,8,30,19,44,40,23,10,13,22,12,8,9,12,22,20,36,28,11,9,14,24,20,6,8
0,8,32,6,12,19,10,6,13,9,9,10,4,10,14,7,11,11,8,10,27,24,27,50,34,4,6,1,9,12,13,8,5,5,5,4,7,8,12,19,6,13,17,18,12,15,19,10,5,12,11,5,9,15,22,32,32,33,5,7,12,20,20,6,8,31,7,9,14,16,25,26
0,8,71,171,8,37,15,19,26,31,87,57,27,14,25,43,48,14,11,12,39,37,11,27,13,6,13,12,22,22,11,18,28,38,40,45,12,19,23,37,9,26,32,8,18,21,27,63,36,24,23,16,18,29,47,59,72,38,13,20,25,50,11,11,7,27,22,3,16,19,32,41
0,105,10,16,8,14,16,8,11,15,12,13,13,7,12,17,27,6,6,9,8,13,6,12,9,3,6,1,10,14,5,5,8,5,8,8,6,6,6,13,13,16,7,7,9,11,13,17,4,13,12,13,8,6,13,18,24,24,39,38,21,7,11,23,20,52,39,4,6,8,17,18
0,83,159,10,52,49,10,10,14,13,50,31,1,14,21,20,12,9,15,19,49,48,58,101,72,93,99,25,16,18,32,52,25,11,20,14,9,14,11,26,26,49,54,28,18,20,1,10,17,59,38,87,81,26,20,27,44,15,10,19,23,44,39,73,37,18,17,30,45,28,13,16
2,3,34,158,257,191,315,260,204,255,168,210,281,211,224,197,166,323,326,304,139,160,183,39,224,287,243,317,169,194,216,182,301,293,265,286,285,298,293,180,253,181,172,306,283,257,262,175,302,169,246,205,203,270,189,111,47,178,270,249,270,187,274,243,287,114,244,351,275,293,255,246
2,2,17,123,257,130,300,262,202,253,154,134,280,211,201,200,100,319,326,287,136,161,186,23,185,282,244,316,167,188,219,119,288,294,261,283,263,299,293,182,251,181,122,294,284,219,261,176,301,168,244,205,197,268,188,112,23,142,269,247,266,180,273,241,285,104,176,354,273,278,255,230
0,65,14,22,8,14,14,28,33,34,13,12,13,22,26,39,39,31,5,10,24,25,5,14,9,3,7,10,28,26,27,41,22,4,8,3,6,8,13,26,20,38,39,15,8,10,12,26,10,15,11,26,28,13,8,15,18,22,7,9,14,8,7,6,8,29,23,4,6,7,10,5
0,158,19,22,16,30,20,16,22,19,23,27,16,14,24,37,49,4,11,10,16,20,11,24,10,3,10,2,18,20,9,8,10,11,14,9,10,7,8,25,26,21,13,10,18,19,26,21,4,27,20,19,11,11,26,40,44,48,81,71,24,14,24,44,39,107,61,4,12,13,34,31
0,38,48,6,32,24,11,28,43,22,27,28,30,49,28,14,21,9,17,19,49,48,59,45,10,10,19,23,66,48,60,48,1,10,17,11,12,17,28,49,42,24,15,16,18,25,29,65,25,22,15,14,18,13,18,33,25,6,9,12,8,16,12,11,9,18,11,3,16,16,13,16
0,102,29,31,16,28,27,61,62,54,23,23,25,46,50,79,78,43,11,20,46,39,11,27,12,5,14,19,57,51,56,78,27,8,11,3,12,17,26,49,42,76,78,14,15,20,24,50,10,28,22,52,50,15,16,31,36,31,14,18,19,15,6,13,14,58,35,7,9,13,14,10
0,1,1,4,12,15,6,15,6,7,9,5,12,4,7,12,18,22,22,35,19,5,7,13,9,3,7,10,8,9,15,6,5,9,14,18,17,6,7,4,9,17,20,25,39,25,5,10,16,18,24,16,5,3,4,5,9,8,11,25,20,33,5,7,9,5,11,9,6,13,5,9,10,7,5,12,13,26,21,26,7,11,7,9,10,12,4,7,4,6,1
0,1,1,7,23,22,8,20,11,16,23,36,44,46,67,59,27,14,10,19,21,36,22,9,14,28,44,41,85,31,11,12,11,16,30,30,5,11,9,9,17,35,39,26,16,13,11,22,28,42,52,9,9,14,54,31,24,20,9,23,12,12,10,11,17,31,49,14,9,6,10,14,19,14,16,20,24,14,10,10,18,23,39,5,20,2,2,6,1,0,0
0,1,0,4,11,16,5,10,10,8,10,20,21,24,33,30,23,7,8,10,11,18,16,4,8,14,23,20,42,24,5,10,7,8,16,20,5,6,7,5,8,17,20,19,8,10,5,10,16,21,26,9,6,8,27,22,12,13,6,11,10,6,9,6,9,15,25,15,5,5,5,8,12,9,9,12,15,7,9,5,9,12,20,6,12,2,2,6,1,0,0
2,0,71,228,202,141,216,117,219,87,95,59,59,98,126,129,83,118,248,175,141,89,38,44,212,290,165,125,25,70,26,31,98,28,33,218,363,312,317,371,328,223,84,116,35,74,217,280,220,258,214,182,207,336,168,167,143,155,132,21,78,99,324,276,187,139,167,196,87,96,140,47,112,56,57,43,88,114,138,184,129,178,188,132,106,159,183,131,207,83,90
0,3,14,7,7,10,5,10,12,23,25,5,9,6,7,12,14,23,20,7,9,19,15,6,9,7,9,1,9,10,4,8,13,17,11,6,4,6,9,3,5,9,12,14,31,17,4,7,12,13,5,8,4,8,27,15,9,7,6,8,10,16,12,5,7,7,14,14,22,25,36,31,65,5,16,21,21,6,6,6,9,9,7,5,8,6,4,9,9,6,4
0,3,1,2,9,12,11,20,23,47,29,10,9,1,11,21,14,14,14,13,7,11,11,9,12,11,20,25,52,29,1,2,4,9,19,14,5,9,6,5,17,33,36,10,16,19,27,51,51,6,12,3,6,1,12,5,14,4,8,18,21,34,16,15,19,35,15,5,8,13,24,33,23,18,42,42,5,16,15,14,18,16,11,12,17,8,6,17,21,40,9
0,8,20,6,6,8,17,21,14,8,10,19,20,7,6,8,6,6,7,5,11,5,7,5,7,5,8,10,7,4,8,13,5,10,7,7,2,6,4,4,8,6,11,10,8,10,8,6,6,8,6,4,5,4,16,13,11,12,7,10,13,6,9,7,10,18,27,22,33,26,8,10,24,23,18,9,12,29,22,16,8,9,7,6,10,12,5,7,8,18,3
0,2,0,3,6,8,6,10,12,24,22,5,5,1,6,11,11,7,10,6,7,5,8,5,10,5,10,13,27,21,1,1,5,4,10,9,5,4,6,3,9,16,20,9,7,10,14,26,32,4,6,4,5,2,6,5,9,4,4,10,11,17,13,8,10,20,9,5,4,8,12,17,16,9,22,25,5,8,9,8,9,13,6,9,9,6,5,9,11,19,11
0,1,1,9,23,21,13,24,7,14,12,11,18,7,14,24,35,46,44,71,21,8,13,25,12,5,14,14,16,17,24,6,10,15,30,35,21,11,9,7,19,34,40,51,76,34,11,20,31,35,50,18,6,4,6,4,16,14,24,48,40,58,5,12,9,11,19,13,10,16,11,13,17,10,10,22,25,54,42,36,13,12,13,12,20,16,6,11,5,7,0
0,49,22,5,27,8,5,10,12,24,24,6,8,8,7,10,11,7,10,13,7,12,11,3,6,5,10,12,27,15,3,3,5,9,5,7,4,6,6,4,5,13,17,16,7,9,9,5,8,7,10,1,1,1,6,2,3,6,5,8,6,5,10,11,18,15,7,9,15,21,26,27,13,7,7,7,6,10,11,5,10,6,7,7,9,9,4,11,3,7,5
0,15,30,7,12,16,34,40,15,14,19,40,30,8,9,11,6,8,8,10,13,11,7,10,7,9,15,13,11,9,14,18,11,14,12,9,2,11,6,6,7,13,20,12,16,19,12,7,12,8,11,4,5,4,29,17,20,18,12,20,16,11,12,13,19,35,55,46,66,32,15,19,49,45,24,18,23,56,42,19,14,10,13,7,18,18,6,14,16,32,3
2,1,165,136,80,148,105,77,86,133,158,223,197,217,110,118,196,64,24,53,168,191,272,283,82,45,113,157,85,205,327,329,239,285,222,27,7,29,41,9,0,14,114,146,152,191,86,0,4,22,34,164,58,30,36,146,168,171,197,184,184,54,9,54,85,112,35,80,145,143,78,146,64,236,206,181,191,59,114,127,170,137,54,194,112,118,128,86,112,231,283
2,1,82,138,80,143,105,52,83,120,134,221,184,217,112,69,196,63,25,40,163,146,240,282,84,45,76,157,86,194,276,326,237,284,221,18,8,23,35,10,0,14,75,144,154,189,87,0,3,23,33,163,56,32,36,146,146,148,199,180,186,54,8,54,75,108,34,73,108,146,76,146,42,180,207,177,193,44,97,126,168,137,53,195,87,100,131,71,96,126,282
2,0,144,236,200,153,218,175,219,84,95,63,80,98,140,130,86,193,249,173,142,87,44,61,259,291,162,125,52,71,25,34,97,30,68,279,363,312,318,372,331,222,82,115,47,87,238,276,236,260,213,211,321,340,166,170,140,156,131,41,80,148,325,273,211,137,168,198,97,103,147,69,109,59,59,65,88,138,158,184,135,180,227,133,104,178,183,133,207,82,103
0,176,43,7,16,16,5,12,10,8,12,6,7,11,20,14,6,10,12,24,13,6,10,5,8,7,7,10,24,19,3,1,5,9,8,7,2,6,9,2,5,13,15,13,8,10,12,8,12,12,9,0,3,6,24,15,9,8,12,25,20,35,8,5,8,14,18,17,6,8,6,9,9,8,12,8,11,25,13,6,9,12,18,20,50,30,34,57,34,3,6
0,92,21,5,32,11,8,20,23,47,34,13,15,10,13,19,15,14,19,19,13,24,15,3,8,10,20,23,53,20,3,3,8,11,11,8,6,12,7,5,11,25,33,19,14,18,11,10,13,11,19,0,2,0,12,2,5,9,7,16,7,10,19,23,34,16,14,16,28,42,52,48,15,11,11,13,8,20,14,8,15,7,12,8,17,12,11,18,3,12,6
0,6,19,9,14,15,10,20,23,47,32,10,12,9,14,24,29,44,28,14,17,38,20,8,13,10,16,1,16,13,9,14,27,26,16,7,6,12,10,3,6,17,23,26,65,18,7,14,23,20,10,9,7,14,54,22,16,11,8,16,19,32,13,9,10,13,28,27,44,53,69,62,109,10,31,43,30,13,7,10,17,11,13,8,13,6,8,19,9,9,4
0,293,40,7,25,21,11,22,12,16,17,12,13,23,40,12,11,21,22,47,16,12,15,10,11,10,14,19,49,23,4,1,11,12,11,9,3,12,12,2,11,25,31,14,16,19,16,18,20,15,17,0,5,11,49,22,15,15,23,52,40,59,9,9,14,28,36,19,11,11,12,14,14,15,19,15,24,48,17,10,18,23,36,39,98,60,68,115,44,5,11
0,1,1,4,15,13,5,11,13,24,1,4,8,13,18,1,9,10,17,7,10,20,18,23,9,7,7,9,10,21,7,9,13,15,29,33,4,8,6,6,9,12,22,18,5,9,6,4,7,4,11,7,5,8,11,5,8,14,27,23,4,5,10,6,6,10,6,9,6,7,10,18,22,14,3,10,5,7,10,7,7,3,5,8,11,10
0,1,1,7,26,16,11,20,14,11,9,9,10,8,17,19,18,19,40,27,6,15,23,18,6,18,7,15,25,33,10,17,27,14,11,12,3,16,10,18,16,3,11,7,10,13,10,17,17,10,20,21,38,28,3,3,13,17,53,40,11,6,12,12,18,19,37,34,5,13,17,20,13,19,26,32,39,77,52,9,14,28,43,15,22,14
0,1,0,4,13,12,5,11,11,6,7,5,8,6,9,14,9,10,20,19,5,8,12,12,6,11,5,8,13,19,7,9,13,12,6,8,2,8,8,7,13,2,7,6,6,9,7,9,10,8,10,11,19,21,2,2,7,9,25,21,10,4,8,10,9,10,18,23,4,7,9,14,7,10,13,16,20,38,35,4,8,14,26,9,12,11
2,0,63,141,92,209,214,136,264,89,87,301,315,289,136,41,122,227,106,133,88,98,50,59,115,54,23,146,166,170,214,103,177,273,221,169,155,76,107,179,80,143,93,98,133,109,115,36,156,152,46,174,109,94,270,353,253,280,114,231,137,66,103,12,0,14,31,148,257,169,234,92,0,3,22,26,9,58,207,144,29,15,169,247,75,78
0,3,15,9,8,11,5,8,12,19,8,4,9,5,9,10,10,11,7,11,7,8,9,4,6,9,4,8,7,7,9,8,5,8,7,8,14,22,23,7,9,13,25,21,31,37,4,5,6,11,25,18,5,9,4,3,7,6,12,11,5,6,9,7,15,19,24,32,6,11,13,20,26,10,6,7,11,23,12,5,7,5,7,9,8,3
0,3,1,2,12,14,28,36,39,56,21,9,9,9,14,5,15,14,6,7,17,27,10,6,1,13,6,12,7,15,17,31,14,1,12,19,6,18,13,11,16,23,47,23,11,19,17,5,11,17,49,13,9,14,16,16,21,12,1,9,19,28,12,3,14,16,35,35,6,13,19,25,13,17,25,37,14,12,10,10,17,29,36,15,23,2
0,8,14,8,16,14,5,8,11,17,15,4,6,6,9,1,9,10,20,21,7,7,9,12,24,32,26,47,43,52,19,3,5,9,7,10,13,25,25,8,9,12,7,9,5,11,5,4,5,5,9,10,16,20,3,6,7,11,27,18,5,7,11,15,8,15,5,7,12,17,11,5,8,11,4,7,10,6,3,4,7,12,24,6,14,14
0,2,0,3,7,8,14,18,20,28,18,5,7,5,8,5,8,11,5,4,9,13,9,4,0,7,7,8,6,8,9,16,12,1,6,13,4,9,10,6,8,12,25,18,5,11,10,5,6,8,25,11,5,8,13,8,9,12,1,4,10,14,11,4,7,8,18,23,4,7,10,17,7,9,13,18,13,6,9,6,8,15,24,7,15,2
0,1,1,9,28,18,11,20,25,40,1,8,14,27,27,1,18,19,26,13,19,40,36,41,9,13,11,15,21,36,10,17,27,27,57,51,6,16,7,12,18,23,44,22,11,12,7,7,11,6,21,8,11,15,13,12,13,28,53,36,5,10,18,6,12,15,11,10,9,13,19,35,44,19,3,14,6,11,16,12,10,4,4,16,22,10
0,49,21,8,25,18,4,9,6,5,4,4,7,12,14,7,9,4,9,8,4,8,5,5,0,6,5,8,6,7,6,5,5,4,6,11,6,9,11,21,25,23,40,34,46,44,5,6,10,5,10,10,16,18,24,5,8,9,10,11,16,7,6,5,14,16,8,9,14,19,10,1,3,7,11,6,6,14,11,5,1,5,5,9,11,7
0,15,19,14,33,18,9,15,21,34,19,6,7,8,15,1,18,19,42,36,6,13,19,24,47,64,54,94,84,99,18,3,8,11,16,17,26,49,36,16,17,15,14,11,11,16,4,7,6,6,18,19,32,30,3,8,13,25,51,23,11,13,25,16,16,22,8,13,24,34,12,9,13,14,5,12,11,13,3,6,13,26,34,13,26,27
2,1,167,228,175,93,77,34,26,130,254,53,17,28,127,325,114,77,126,139,219,124,245,231,232,225,297,63,90,18,122,225,57,62,67,103,175,155,160,84,142,127,55,137,58,82,234,319,182,193,135,110,170,177,63,0,3,36,78,22,164,235,213,349,287,258,203,64,70,40,72,190,270,310,306,270,298,145,88,219,309,274,76,80,185,252
2,1,82,223,179,91,79,24,26,77,254,53,17,28,126,323,106,76,112,106,217,124,236,186,231,224,298,63,90,11,85,226,59,61,65,72,178,127,151,88,119,127,55,128,61,69,191,322,180,194,132,94,153,133,67,0,3,36,78,22,160,238,138,345,287,258,205,61,72,28,57,170,222,278,307,271,296,149,81,126,291,275,76,79,185,253
2,0,128,140,92,212,212,198,265,91,86,302,327,289,146,41,184,236,105,133,86,99,49,72,113,52,23,176,169,185,211,105,257,278,220,169,155,90,120,180,111,143,103,101,146,134,116,35,157,151,93,199,108,94,275,350,311,279,116,233,133,70,104,12,0,14,31,168,259,236,236,88,0,3,22,26,9,60,209,140,29,15,173,243,96,75
0,165,66,0,0,11,47,60,0,13,9,13,6,9,13,8,10,8,23,18,23,37,18,6,0,8,6,9,5,4,5,5,6,9,6,8,9,8,10,20,17,12,7,8,8,10,13,6,6,5,8,5,4,8,5,7,14,2,11,11,19,18,14,3,7,7,17,18,6,7,7,7,5,8,7,5,5,13,9,6,8,15,21,6,8,11
0,92,20,8,34,23,11,14,7,7,3,7,13,24,27,7,15,4,15,12,5,13,6,8,1,9,6,12,8,12,7,7,6,5,12,17,9,18,21,43,48,46,81,67,91,68,6,11,16,7,18,19,32,35,36,11,10,11,20,21,27,10,8,5,27,27,12,18,27,36,10,1,5,13,16,8,11,28,15,7,1,6,9,12,17,10
0,6,22,10,18,14,11,18,22,35,8,8,10,9,20,10,20,14,14,17,12,15,11,7,8,14,5,14,10,13,14,9,11,8,12,16,29,43,32,14,17,25,50,41,64,55,4,7,11,23,49,22,11,12,4,5,12,8,25,13,11,11,12,13,31,34,48,48,11,21,25,41,51,10,8,14,21,46,15,6,8,8,11,13,13,3
0,293,63,0,0,11,48,63,0,14,18,16,11,17,25,9,17,16,44,35,48,72,20,11,1,11,9,17,5,7,9,5,11,12,12,14,9,14,19,40,34,13,13,10,16,19,21,10,7,6,15,7,8,13,5,14,22,2,22,21,38,35,14,3,13,13,34,28,7,13,8,9,10,13,7,6,9,26,11,9,17,29,32,11,15,25
0,1,1,6,19,15,24,44,5,7,14,16,29,40,8,6,4,4,7,6,8,16,25,21,31,41,40,4,10,12,31,24
0,1,1,14,37,28,30,7,13,10,11,14,34,38,20,17,21,29,35,66,60,70,107,9,13,14,9,11,22,10,16,18
0,1,0,7,18,16,21,4,7,9,5,8,17,19,16,9,11,15,18,34,30,35,63,5,9,8,8,5,12,9,9,12
0,1,167,75,25,29,11,25,26,3,9,10,12,14,10,15,19,27,37,35,13,25,43,17,2,14,18,32,52,25,18,19
0,3,15,11,13,12,18,6,11,13,10,8,15,18,21,27,15,5,5,6,5,7,19,18,4,10,10,3,7,8,24,21
0,3,1,11,33,25,12,20,28,30,46,36,13,20,31,36,43,51,12,10,11,11,18,23,28,17,9,11,18,16,20,12
0,1,82,74,25,28,5,13,17,2,4,9,7,8,8,8,10,14,18,25,8,12,22,14,2,7,9,17,26,19,9,10
0,8,14,12,27,18,30,6,11,14,6,7,19,19,14,6,6,6,8,18,20,8,10,11,15,13,6,4,10,12,29,18
0,2,0,6,17,16,7,10,14,15,23,25,6,11,15,17,22,26,13,7,7,8,9,11,18,11,8,5,10,12,10,9
0,1,1,13,38,30,49,71,9,14,28,31,61,67,7,11,4,7,8,10,16,29,50,42,62,84,59,9,20,23,61,36
0,49,21,16,30,12,5,7,7,13,6,8,17,20,13,6,8,6,9,19,26,7,10,12,4,10,5,5,9,12,8,9
0,15,19,23,54,35,46,13,20,23,9,15,36,37,14,11,7,7,17,35,31,13,20,21,28,18,6,8,20,23,56,24
2,0,128,252,154,226,194,176,254,294,277,276,186,149,252,236,262,223,272,204,228,218,78,229,217,154,269,328,232,280,170,243
2,0,63,250,140,195,195,162,169,294,280,275,188,98,252,234,254,224,269,205,172,221,78,200,219,117,237,328,231,280,169,242
0,165,66,0,0,8,45,68,22,1,8,9,6,9,15,15,19,27,16,6,7,14,22,20,24,40,23,7,12,9,8,9
0,92,20,16,50,15,5,13,13,19,11,14,34,40,11,11,10,11,17,40,40,10,23,13,9,20,6,6,18,16,16,17
0,6,22,14,27,23,26,12,20,24,14,13,31,36,44,51,16,8,4,6,7,14,36,24,9,20,12,4,14,16,45,33
0,293,63,0,0,8,45,81,36,1,14,9,11,18,29,30,37,55,16,13,12,28,44,40,50,78,30,9,23,9,16,17
0,1,1,6,22,17,8,12,14,26,23,15,9,8,8,10,13,11,12,7,12,10,8,10,18,25,17,14,13,14,8,7,10,12,19,35,28,6,11,7,8,6
0,1,1,0,0,7,26,30,16,18,21,38,50,50,87,64,15,24,13,0,7,13,37,30,56,58,10,17,15,16,17,26,49,9,19,41,39,73,68,19,13,7
0,1,0,0,0,4,13,16,13,9,11,19,24,26,44,39,10,12,11,1,4,7,18,15,28,32,10,9,11,8,9,13,30,4,10,21,18,38,35,19,7,6
0,1,168,74,25,28,26,20,25,51,17,10,18,23,49,49,66,16,12,11,27,26,24,14,33,38,24,27,22,14,11,2,15,17,33,63,46,95,84,76,21,21
0,3,15,11,13,14,7,11,7,7,6,5,12,13,25,26,8,11,9,6,9,9,10,8,18,21,19,14,15,8,9,15,28,19,5,11,15,7,13,8,9,11
0,3,1,11,40,27,65,50,12,14,10,9,19,10,18,23,13,24,14,11,27,24,21,15,32,38,25,29,20,16,17,25,22,7,9,22,23,16,21,14,18,21
0,1,83,73,25,27,22,11,12,25,15,5,9,12,24,26,40,8,9,5,14,13,17,8,16,19,18,12,16,7,9,2,8,9,17,31,23,48,40,45,16,11
0,8,14,12,27,20,8,11,11,9,9,22,23,23,48,40,10,11,13,9,6,5,16,16,5,8,5,9,8,22,17,26,39,32,4,10,11,6,8,10,8,8
0,2,0,6,20,14,31,29,10,7,8,6,12,7,9,13,9,12,11,6,14,14,15,8,16,19,19,14,15,8,9,13,15,7,5,12,16,7,12,11,9,11
0,1,1,15,42,22,16,23,27,52,43,21,17,10,16,22,16,23,15,11,24,13,14,22,34,49,19,29,24,21,10,12,20,23,38,68,41,12,19,8,14,8
0,49,20,16,31,18,38,37,8,12,11,3,9,7,8,10,10,10,10,5,9,10,24,15,8,9,12,37,25,12,11,11,23,23,34,46,41,9,10,16,27,17
0,15,19,23,54,28,16,22,14,18,18,41,46,46,95,65,16,24,22,11,6,9,32,23,8,14,5,16,16,42,34,52,79,47,8,18,15,13,13,13,16,10
2,0,128,265,175,249,153,154,257,207,272,236,187,236,69,115,247,245,298,313,227,246,119,209,203,149,279,177,240,260,281,240,122,227,208,64,166,165,152,232,246,297
2,0,63,264,149,213,157,149,256,159,249,236,185,233,53,89,245,188,263,316,224,247,98,170,205,146,273,179,220,262,257,243,118,229,209,40,136,165,148,228,244,296
0,164,66,0,0,7,24,40,40,11,10,22,27,7,9,12,10,11,13,23,36,26,53,42,5,8,8,10,13,7,10,3,8,8,15,16,9,6,11,11,9,9
0,92,19,16,55,34,77,61,13,23,14,7,15,9,16,18,15,20,11,8,16,19,49,23,10,19,23,74,42,19,20,25,46,46,67,96,58,18,19,32,55,21
0,6,22,14,27,17,15,17,8,14,5,12,21,25,50,42,15,20,10,7,14,16,16,15,35,41,25,29,20,16,17,33,52,25,8,23,19,14,22,10,18,21
0,293,63,0,0,7,24,41,47,21,19,44,45,10,18,20,16,22,23,47,70,52,107,67,7,13,8,20,20,14,11,4,13,17,29,23,11,13,20,14,18,12
0,1,1,5,11,11,5,10,12,16,23,16,4,8,6,8,17,21,5,10,13,6,5,7,9,11,1,7,0,5,7,5,7,9,19,19,3,6,5,3,4,12,12,7,8,5,6,4,10,12,24,19,6,5,3,7,3,13,12,7,8,4
0,1,1,0,0,7,22,34,33,41,62,10,6,8,7,9,12,14,11,10,17,16,16,19,27,19,3,15,10,15,11,15,24,19,11,16,20,11,9,5,13,22,11,10,4,10,4,5,16,19,40,43,48,39,2,12,6,12,6,3,9,4
0,1,0,0,0,4,11,18,17,20,32,12,4,6,6,7,6,8,9,6,9,12,8,10,14,14,4,8,9,8,8,8,12,14,5,9,14,6,6,4,8,13,10,6,4,7,2,3,8,10,20,21,25,26,2,7,5,7,4,2,6,4
0,1,121,43,15,18,17,21,11,11,24,2,4,4,6,7,22,28,35,51,3,11,20,23,1,11,12,22,19,16,23,10,12,7,13,16,23,43,2,6,11,23,23,36,25,6,2,5,16,19,38,16,15,18,7,10,4,13,16,29,37,10
2,0,42,124,161,152,198,143,200,180,46,124,210,174,40,57,73,69,212,182,187,20,0,6,9,128,203,140,239,169,119,160,113,105,113,120,149,97,101,24,40,47,104,133,172,62,127,272,59,76,82,110,122,77,135,117,237,136,108,127,93,22
0,3,13,8,9,10,12,9,9,4,14,2,4,8,13,15,30,28,4,7,4,5,11,11,14,27,25,10,11,8,9,16,20,11,5,8,13,18,14,5,12,21,14,7,12,7,7,10,8,9,7,8,8,12,6,9,11,26,24,4,6,1
0,3,0,0,1,2,9,18,13,6,12,8,10,8,3,12,28,30,7,14,12,13,24,31,31,11,9,39,28,67,46,15,11,17,18,13,17,31,18,8,4,9,17,27,17,11,11,3,17,11,9,13,25,29,35,24,10,18,17,10,14,6
0,1,60,43,15,18,15,10,10,5,15,3,1,2,6,5,11,14,16,31,3,7,11,15,1,7,9,11,14,8,12,8,6,7,6,8,12,26,2,4,9,11,12,18,18,4,2,3,8,9,19,13,8,12,5,7,4,7,8,15,18,9
0,8,20,12,21,18,23,8,7,4,8,14,15,2,1,5,10,6,7,8,10,5,6,7,10,21,11,7,6,9,10,6,9,8,5,8,8,7,4,0,6,16,14,6,2,7,4,4,10,11,21,14,6,10,6,14,10,3,8,5,7,9
0,2,0,0,0,3,6,9,10,4,7,8,7,6,3,7,14,19,4,8,10,7,11,17,18,10,5,19,15,33,25,14,6,8,14,7,9,15,15,6,4,6,9,13,14,6,7,3,9,10,6,7,12,16,18,19,9,9,12,5,9,6
0,1,1,11,22,15,8,20,23,31,46,17,9,11,11,14,34,33,9,20,22,6,10,12,18,13,1,15,0,10,10,8,14,19,38,28,3,11,5,3,8,24,14,14,9,9,6,8,20,23,47,26,11,9,3,8,5,26,19,8,12,6
0,49,22,15,22,7,10,9,11,16,22,17,7,6,4,3,12,12,18,26,15,5,5,7,7,7,7,11,13,8,9,13,6,6,18,17,21,39,13,5,3,11,12,23,13,6,9,5,8,10,10,11,15,23,22,23,4,7,6,4,8,5
0,15,30,24,43,35,35,15,7,9,15,28,19,4,3,9,13,10,10,18,11,5,10,12,22,41,10,16,7,16,16,9,17,10,11,14,9,12,4,0,12,31,19,11,2,11,6,6,19,21,43,16,14,12,11,28,14,5,11,7,13,20
2,0,111,172,77,107,89,103,78,63,104,170,114,178,306,272,138,142,93,41,133,335,291,263,266,106,121,113,68,73,100,129,135,194,161,114,123,88,233,352,295,173,163,74,133,284,228,95,206,206,63,149,131,122,170,154,107,121,163,214,206,330
2,0,57,172,81,104,89,83,77,64,65,169,114,155,306,272,137,142,92,21,89,330,290,193,264,109,117,113,61,68,72,129,135,192,156,114,125,84,154,328,296,171,164,75,130,241,186,96,205,202,61,135,132,92,169,135,106,107,124,213,207,325
2,0,83,126,178,180,194,155,199,178,46,148,228,170,40,57,73,77,213,186,188,16,0,6,9,132,200,140,240,170,157,164,110,109,111,157,152,94,105,24,40,52,106,152,177,61,131,273,66,77,101,110,122,118,133,120,237,140,130,127,96,22
0,176,42,16,19,15,13,9,11,19,26,8,5,8,6,7,7,10,3,8,10,5,8,11,7,9,13,8,9,11,9,13,20,18,6,7,6,12,8,5,3,9,14,18,14,4,6,3,11,12,22,13,5,6,4,6,10,8,8,5,5,8
0,92,21,15,29,11,13,16,22,30,44,24,11,10,4,5,23,22,35,52,17,4,11,13,7,13,9,22,17,16,21,13,12,12,35,32,41,72,14,8,5,23,23,45,16,6,12,7,17,11,20,21,29,44,44,32,3,13,8,8,12,6
0,6,17,11,18,19,16,18,12,11,20,2,8,14,28,26,62,48,2,11,4,6,21,21,27,55,35,20,15,16,17,31,42,9,8,16,24,36,17,9,26,40,17,14,18,12,13,11,18,9,13,10,15,18,9,18,21,54,35,7,9,1
0,293,39,16,35,25,15,18,21,38,45,10,9,11,11,7,13,15,3,15,12,6,16,18,10,18,18,16,15,19,17,25,41,22,13,12,6,21,11,3,5,21,25,36,17,8,6,5,23,23,44,14,9,9,4,13,11,16,14,5,10,14
0,1,1,0,5,7,11,21,17,7,3,4,5,7,8,7,12,19,9,10,11,28,20,5,10,12,29,17,5,6,8,19
0,1,1,10,19,14,3,10,7,14,17,24,10,12,1,11,21,38,13,14,4,7,10,7,18,8,14,15,12,15,23,45
0,1,0,5,10,9,3,5,7,7,9,15,6,8,1,7,10,20,11,7,2,4,8,5,9,8,8,9,7,8,11,23
0,1,124,45,12,27,21,15,16,32,29,7,17,33,13,11,7,11,5,13,9,14,10,6,11,14,39,21,13,21,5,15
2,0,42,162,154,70,79,70,192,163,122,201,220,139,192,42,5,173,307,133,108,93,167,197,128,135,102,152,118,90,117,32
0,3,14,8,8,11,7,6,4,6,9,4,10,16,13,5,8,8,9,24,14,10,10,15,7,4,7,8,15,20,6,10
0,3,1,9,17,21,5,6,9,23,24,15,7,17,21,34,27,7,13,37,17,18,19,32,14,4,13,7,5,14,19,40
0,1,62,44,11,28,20,8,9,16,19,4,9,17,11,7,5,6,5,6,8,8,8,6,6,8,19,16,7,12,5,7
0,8,13,9,13,17,3,8,9,15,7,5,8,6,8,5,5,5,8,9,9,8,4,5,12,8,7,8,5,6,8,19
0,2,0,5,9,12,7,6,4,11,14,12,5,9,11,17,19,4,7,18,15,9,10,21,7,4,7,6,3,7,10,20
0,1,1,0,10,12,21,43,21,9,5,3,6,12,10,13,23,35,8,18,21,56,29,7,20,23,56,24,8,12,16,37
0,49,21,15,20,15,11,8,10,22,19,5,9,14,4,3,0,1,4,7,10,9,10,18,27,14,10,13,6,10,11,8
0,15,16,17,26,26,3,14,16,22,9,6,8,14,8,10,5,9,10,16,12,15,5,9,22,9,14,11,6,12,16,37
2,0,97,140,136,172,222,147,112,89,161,116,101,100,126,237,312,56,34,109,217,140,101,96,120,181,79,133,205,184,192,122
2,0,47,140,140,123,219,148,105,89,161,105,102,80,110,160,314,58,34,107,217,140,88,93,78,181,83,127,208,124,190,124
2,0,83,171,156,93,78,91,201,160,124,227,217,140,191,44,5,236,308,131,108,114,189,193,128,139,136,168,120,92,113,58
0,165,65,0,0,9,42,64,13,6,9,5,9,17,15,28,5,8,4,9,3,10,10,9,9,11,21,4,5,6,8,19
0,92,20,15,27,28,15,14,19,44,26,6,15,27,4,3,0,1,4,13,11,18,19,35,54,16,20,17,13,19,12,16
0,6,19,11,15,17,8,6,3,12,10,7,20,30,15,9,10,15,18,49,17,17,19,21,13,4,14,16,30,37,6,12
0,293,62,0,0,9,42,72,15,13,13,8,17,33,30,46,8,11,5,18,3,19,18,12,18,21,33,6,7,12,16,37
0,239,83,191,209,210,208,209,209,215,209,209,209,210,209,209,209,209,209,210,209,209,209,209,209,210,209,230,209,209,210,209,208,209,209,209,210,209,209,209,209,209,228,209,210,209,209,209,215,209,209,209,209,209,210,209,209,209,209,209,210,209,231,204,209,209,209,209,210,209,209,209,209,209,210,209,209,209,209,209,210,209,209,235,197,209,209,209,209,211,209,210,209,209,209,209,209,210,209,209,209
0,401,81,386,418,418,419,418,418,378,418,419,418,418,419,418,418,419,418,418,419,418,418,419,418,418,419,376,419,418,418,419,418,418,419,418,418,419,418,419,418,418,378,418,419,418,418,419,377,419,418,418,419,418,418,419,418,418,419,418,418,419,386,409,418,418,419,418,418,419,418,418,419,418,418,419,418,418,419,418,418,419,418,378,377,418,418,419,418,378,418,418,419,418,418,419,418,418,419,418,418
0,238,83,193,209,209,207,209,209,189,209,209,209,217,201,199,209,209,208,209,203,208,200,208,209,208,209,208,205,210,203,194,209,204,209,186,209,209,208,206,197,209,227,175,209,209,209,209,147,55,199,199,207,209,210,209,209,209,209,209,219,209,209,205,209,208,209,229,171,209,203,209,204,209,209,209,225,192,199,198,198,192,199,200,201,209,221,191,209,209,162,207,202,196,201,210,209,211,203,209,209
0,401,81,390,419,418,377,418,418,335,419,418,418,419,376,378,418,419,377,419,377,419,376,419,418,378,418,418,377,418,378,377,418,378,418,335,419,418,418,359,396,418,415,339,419,418,418,419,246,100,402,376,419,418,418,419,418,419,418,418,377,418,419,377,419,418,418,414,339,418,377,418,378,418,418,419,418,377,376,377,377,349,403,378,378,418,419,377,419,418,286,416,377,377,378,418,419,386,409,418,418
0,237,83,191,209,210,170,200,209,207,192,210,209,209,209,208,209,209,210,192,209,202,209,208,205,182,209,210,185,192,209,185,210,209,204,200,195,209,208,207,196,209,209,188,180,209,209,209,209,183,208,214,197,209,210,209,209,209,209,209,209,209,208,210,193,218,192,213,181,209,203,209,200,209,200,209,209,204,200,199,208,201,208,202,208,210,208,206,210,209,158,209,198,209,204,209,209,205,209,208,206
0,401,81,386,418,418,302,400,419,368,387,418,419,418,377,418,418,419,377,377,419,376,419,418,378,336,418,418,319,373,418,335,419,418,378,376,377,418,419,378,376,418,419,336,335,418,418,419,418,310,419,396,399,418,418,419,418,418,419,418,418,419,418,336,378,408,387,396,357,418,377,418,373,418,377,418,419,376,378,378,418,377,418,378,418,419,418,373,418,419,283,397,398,419,376,419,418,377,418,418,379
0,239,83,191,209,210,207,209,209,215,209,209,209,210,209,209,209,209,218,209,202,209,209,210,209,209,209,216,210,209,188,209,210,204,209,209,209,210,212,209,209,209,209,209,209,209,210,209,209,208,209,209,210,209,209,209,209,209,210,209,209,209,209,235,209,208,210,209,209,209,209,209,210,209,209,225,208,210,204,194,209,210,209,214,205,199,209,210,209,210,209,209,209,209,209,210,231,192,209,209,208
0,401,81,386,418,418,419,418,418,378,418,419,418,418,419,418,418,419,376,419,377,419,418,418,419,418,418,378,418,419,335,418,418,378,419,418,418,419,377,419,418,418,378,417,419,418,418,419,418,418,419,418,418,419,418,418,419,418,418,419,418,418,419,377,419,418,418,419,418,418,419,418,418,419,418,379,417,419,376,377,418,419,418,418,377,378,418,418,419,377,418,418,418,419,418,418,419,376,419,418,418
0,238,83,193,209,209,207,209,209,189,209,209,209,217,201,199,209,209,208,209,203,208,200,208,209,208,209,208,205,210,203,194,209,204,209,186,209,209,208,206,197,209,227,175,209,209,209,209,147,55,199,199,207,209,210,209,209,209,209,209,219,209,209,205,209,208,209,229,171,209,203,209,204,209,209,209,225,192,199,198,198,192,199,200,201,209,221,191,209,209,162,207,202,196,201,210,209,211,203,209,209
0,401,81,390,419,418,377,418,418,335,419,418,418,419,376,378,418,419,377,419,377,419,376,419,418,378,418,418,377,418,378,377,418,378,418,335,419,418,418,359,396,418,415,339,419,418,418,419,246,100,402,376,419,418,418,419,418,419,418,418,377,418,419,377,419,418,418,414,339,418,377,418,378,418,418,419,418,377,376,377,377,349,403,378,378,418,419,377,419,418,286,416,377,377,378,418,419,386,409,418,418
